810577
3954982
9796173
4020145
344439
3350771
3595008
6970923
8106149
6478018
79727
2009254
2587880
3799329
6606250
9386898
7874600
2004562
1378394
281781
5486803
5963349
5808054
1089829
6748885
1445393
7850984
2364884
1470732
6901882
9982520
7651795
432428
6900941
4587753
6225357
5868488
7388131
4441175
8668628
4878652
5982035
3290352
5944745
1037467
6127796
1112669
9935638
263157
4638357
1232076
8062762
6401052
2764684
7229423
3758463
4076750
5664540
2198325
1743065
7768322
4193881
9053487
489805
8805265
1280477
8336264
8526313
6597334
5396946
6984245
3676041
4799381
4287513
8644479
7347955
7830329
2566575
1122227
7394874
998668
5910091
4643670
1453956
6463464
4005669
4839486
6874008
2381583
2502382
5560157
4329175
5350175
3569848
5617258
1347092
2980497
4489147
2489717
4167179
5633127
3769043
1452149
7975867
2769600
3407582
3559011
3292011
9410327
3082649
8535228
8311710
6318307
9353236
6422934
4023506
1821542
2193816
5126532
7295959
9805726
7604628
1180632
3304014
267536
482674
5310282
2179492
93935
202856
2365464
656446
9271860
7090250
8857141
3862233
9694751
6538832
2580744
9031865
8504412
2538274
717310
622092
5272409
2943103
8116360
9322450
8574929
5752843
9270342
5723287
4032336
6036228
1537219
5377965
3555894
9579752
4991940
8776909
2179935
982400
514633
5173981
424467
6264523
6317513
7232903
78674
3990018
8725932
4837987
4243154
4803521
4371320
3338743
701873
4163497
8909976
6600281
8889103
3396737
4023087
5479997
1761901
7130075
9530979
6262422
799857
2762727
6752243
5354665
7104656
8564703
129390
8628375
4103937
2325166
9810928
711920
2546930
3196946
7179053
6015453
589540
514239
7094982
2315384
991709
4321161
2146781
5710518
4420230
4340499
9008603
4721552
9346446
8944071
7712975
1055727
2230441
8795168
5952736
2802200
309954
5158533
6447982
7638314
7396366
1033352
1619621
2575323
2884155
3723535
2041781
7762733
8810150
504663
5343898
547047
2692425
9784282
1331797
798430
2274505
7775441
5153080
2120262
739388
316047
8703850
393594
785621
9080948
4528266
828396
8315466
1260225
3970937
3357210
7518072
7378850
1917037
4223150
7115449
8315504
5560921
1861445
6231022
3698996
5668138
358124
2905382
3832119
945494
6655343
8392466
7551422
3805975
8318583
6737975
2966585
398809
659613
6092570
5117521
4793322
3523775
1487486
8009459
1967190
2418907
6876039
6268038
7945406
6122403
8523760
7837051
642223
3957015
9114294
522929
3145582
1843048
3880130
9700730
3418512
7726330
89864
8974837
1633640
6109916
5498623
5253889
9744629
9944936
3982084
9511158
9515827
5144103
1129062
8838725
327610
2796028
6602845
1853529
9800827
9807743
6956573
6584072
6462060
1722792
7664530
9719934
1397487
6160243
6161248
1351233
2453872
5874197
3729790
6714933
6435431
3739660
4340231
6157820
825739
1149167
5873399
5415397
407006
4569392
5833955
2940903
136103
2907985
7620785
1544316
4469154
6668727
6773190
7922274
9907203
7092647
6093873
3134987
9387634
2179148
1857922
2954477
2557584
2210500
8648039
6939047
6608457
5417291
9974181
137072
2277149
1679266
6635817
1549637
7991231
7696102
9164764
8563690
4162973
8040109
7584786
7821433
5240769
5929577
5997710
5251039
5461407
2191554
5494801
9604384
2303891
5443569
141648
2380867
7172930
353427
9070357
9551990
2902455
4784885
5576820
7016356
3026528
4522864
9446886
8989428
2569902
9137458
7109152
1269114
2009152
2129965
5373505
5133056
6305402
8153246
6429312
1561050
938322
6609920
2706129
1564314
670082
1154275
408050
7843370
883650
2076684
4425006
2077514
2458998
353231
5016490
2207511
1990843
7477160
3975876
3876019
4361725
6293832
5821851
318166
9872758
2805475
2464427
5568284
9422233
4559259
5127410
2372199
7553245
7660198
4506353
987652
1834347
9153985
1070807
345377
5040119
1922050
4899109
8282184
6410091
2664762
7417678
8712113
3082776
6330238
2074111
3615906
7796701
5142973
8230209
9490111
3303388
3337731
2427950
103515
6650029
7937547
4040954
9649121
6964687
6144029
7346272
7808255
6926655
6692177
5550268
3567940
2253121
8654569
877434
9728819
3526321
6394472
4581782
3580068
6524102
6135748
5012308
2670498
6466148
3992924
8193383
970232
7846117
7382081
4985671
9644781
6117545
5629074
5941784
3495311
1752830
8087695
8432221
3429209
1937873
5771971
659735
1731840
6168654
1842617
489120
2756028
2581383
2983820
7584277
8318964
4334491
9419630
1404556
8929843
7353156
8063086
6005423
3033849
6297736
8116458
3209721
2081232
1612981
441864
2096785
6923697
2187750
5022127
484695
6542120
3883201
9760939
3142119
791079
1654273
9997876
400201
8700023
7620922
9761180
9743062
517093
592144
5838285
3265975
3583452
7236473
864229
6480612
1329574
8873422
8832186
8633112
8031842
5280347
8828917
8717067
2855613
3070069
1963856
2174456
991352
1322441
9379111
320700
2938619
3578881
2406057
3956704
5325630
6964694
8767480
7575296
2767522
5636300
9112813
8464704
800869
9721014
7064117
9853092
1909783
6138789
9125619
3017885
2598221
8605515
2379951
7884917
4365096
8021528
6276290
4797127
4845044
7509181
4122955
9296094
4909275
1039571
6320009
1101518
5432772
4099475
3165921
365020
7013007
208165
227311
1187865
3205449
5621348
3803944
9957781
4532419
343977
6825358
4836433
3470122
1000057
6125485
3523590
3203948
8864309
3219333
1225833
6376642
8408911
2568161
9887228
1488568
2825044
1350309
5061870
4639716
660096
8431416
6360415
6087377
8444504
2948119
4390726
4628855
7577276
8556321
5358605
5578017
2075854
9889769
3236311
625565
5073974
4007487
5596361
8211145
8733890
8736208
8382167
2202188
8862972
3100806
2684860
933642
2031289
2450429
2373073
9253380
3675536
9168317
2899772
6418265
2934723
7291079
7734221
3559738
7066375
6956418
3374203
117630
9450729
4877399
3794678
9826798
3893876
8164912
8146590
7641715
4673175
9028002
1240509
6256785
4459556
6343837
558507
7786746
2145072
6149317
1464089
8190569
2402823
5768686
3937697
1571085
2944586
9064326
3003452
2035790
5178471
1209763
8571578
8141295
1760363
8329193
6121893
2070673
6845795
5101113
5654661
7668684
3732639
9111786
3283310
7770217
490714
4637366
8090370
4554690
7474468
2715235
3582834
3411470
4544055
3914229
5324496
1617113
8238269
334757
1918751
5398789
4648498
5036047
2865012
9652663
1126780
9630127
1045282
3535738
6403333
6104836
3583792
8683729
7157288
3322273
8248295
6857914
2477971
5481563
608651
4159029
5671606
2987539
8870554
8661304
2902815
5543333
2768161
770767
8535057
7997112
8753096
8628110
737795
2390834
8623241
1837185
9406239
8504977
7712709
6441905
3096717
4807520
5392797
8480561
9189488
3556045
7969545
4573410
4061863
7531489
7086579
6656166
6750187
3185441
8245892
376735
5566117
4985482
2018195
2312668
6335918
4454224
4121573
5076050
4200681
6248510
553708
3093678
7930174
4751727
8150800
3467063
4048039
6858864
9357650
6091274
9079258
4655766
6068670
1670897
9718523
487628
2617848
816138
2173398
2122207
9181007
9804548
9915532
7046075
9420292
156522
630716
5294793
1756658
8095503
248811
8268017
7738315
5413464
153545
6015603
9297517
5895614
4831092
6931927
6110233
5411300
86047
2475464
1802007
6027456
5403579
8114829
9896881
1849975
4100945
7663111
4927676
3894452
9223507
9732176
5969020
8731728
3473244
7778642
1901526
7130327
1410573
6288096
7835760
9747921
2387241
6097278
5842741
232508
6428368
3281647
8381940
9832902
912225
3941140
5236762
1389742
8160767
6664798
866231
749021
6684164
3806658
6102474
7170938
4451272
2814328
1671538
6939845
4079288
6653859
5234866
7331795
6173469
4737872
2359609
9116875
4102744
2248270
8216643
9491573
2560428
9310771
3113881
9145083
1658567
9605538
892718
7657068
1001525
4435667
8601412
3728229
632983
5869314
9974422
5010540
4529875
3949179
5506274
3363229
5394619
8803825
5583379
6585918
9490825
6447561
3591950
209903
3552841
4249582
4868844
575105
6224770
5940695
6366683
8654773
1980753
7021914
7229541
2693194
2463377
7207289
4504255
1079334
4236869
5207397
631997
7873760
5628414
4055847
1268891
7432458
5825497
2179477
3764135
3213327
7321216
3970823
6633454
3049678
8678820
13059
9118566
8013618
1561909
6487096
