4208746
8544548
2271700
9335751
6653254
3916763
2952178
6667524
7465909
1655763
2589703
6737182
6548475
185712
9224184
3488504
5519007
4077204
5799836
4780361
5506695
2376678
7419334
8164110
4040146
5167116
8332483
8449162
948144
5010058
8327805
5138851
6441700
8512059
7102106
9815699
3854644
1430931
67492
9188868
6750191
1797145
501886
2567332
6194242
2868477
1969440
5034876
4371124
691994
2736961
1266718
8266114
6983407
4525968
9968891
7309287
8725651
7562581
8414947
3033560
5021909
8709077
8544367
1918744
1998516
2630907
8935688
2615881
4572916
3571769
8106589
303981
6271819
202798
1229803
6226222
6904210
8258020
8802026
5627039
8504237
1112507
1099275
2344125
9651415
2383317
9006562
6745606
7437404
3667025
2421922
8025089
1199440
689248
1225893
7157497
5130217
6171260
8060715
4755189
8640600
1345391
755526
7206669
1753477
9890819
1006636
6572436
7141524
484265
9659025
4197110
4524792
1294164
7142421
2167562
1205306
6884148
6051981
512223
4901509
2728014
1779078
764612
9351983
6183442
4531727
7700459
9033977
680759
1750456
5018788
2473978
7295545
6743423
5314145
3757847
7999545
9145075
3674143
6211965
2068550
2876270
1855551
8955630
3428131
5193870
1913368
5914505
4079064
9796788
8815796
6417045
5531003
1733685
1671076
126422
2984576
59009
5979871
1262166
7571791
7265371
3663924
1002383
5181348
7318662
8944348
110298
7684021
8674100
3345696
6856713
2723314
1466915
6051742
8059103
3914874
194368
7931335
8584181
817357
4326683
6714604
4500512
3851356
1669832
3135097
185702
5730481
5366110
3247407
2984780
618761
1259485
5786321
1270110
6093556
9507662
420043
4212489
7268287
4819007
5827519
9921865
204178
6967245
6437801
695285
451819
4888215
6396259
9374564
3464382
3976964
946913
2693328
5164881
7446091
8228141
3384966
3697654
2775381
5133979
1100853
8340758
1760076
1498768
4599338
3188208
2821103
7245573
242346
703028
1622674
5824914
1872337
6868091
3526768
7173673
6420281
3651865
2072242
5719252
5717120
658012
1085561
2844746
8755446
9224142
6701873
660275
9231652
1747508
8090828
3867082
6284993
8321591
6627443
6519127
7539241
6318424
5938730
7991969
4916142
4817754
8216752
2154354
6059644
8532304
1502779
6235344
7262242
1789453
100787
7477349
6099033
4755530
1251657
6284667
8120560
1288298
7996931
2610782
7575077
2914623
9735491
3079520
8829263
5138603
7288345
1332046
7346668
78585
5929106
8031144
1813499
7604135
7331270
4584161
6814695
8399395
1089810
1073613
6197808
6192281
4758661
3476572
3188351
4998353
5172570
6803274
2021552
1725637
8070167
9329098
2760354
3345079
1823688
5128892
8998703
8049941
4074293
5767598
6851570
4278859
5468619
3420970
1685316
2986208
2516458
8287148
5439293
6302424
1864467
1830505
6911569
1057612
8601938
2963215
9118065
7669382
8036242
9798793
4373206
6827658
3922364
9723866
4019381
2583881
1132629
9776259
4494457
9162638
8335638
6134908
7613792
7606689
5949582
6320832
5762946
9812413
3237768
4511063
1419801
7796372
1394819
3016519
3115484
6499378
7888450
9935272
4793306
3909708
1215632
721081
9896637
1671751
7008879
3980509
273134
9777012
4705475
8825349
6888121
6840458
1613752
1203760
4562865
2156998
3945661
2756660
4218900
8344765
6138881
1050533
5340616
4752173
8935361
9375455
5430335
6421047
5022086
6158005
3474587
1239335
1886064
1230190
6240893
2485934
93951
1699992
5552159
3812489
2957602
2779930
9875994
8433265
8378090
9533359
1884933
2004177
2006442
502257
7879388
4161781
3773442
3495433
762802
3788979
297486
2006015
7032407
922031
1201170
5786465
4087614
6031411
382948
3221890
1946959
1803946
3164488
8848008
7966177
807341
3330214
1987663
7002443
3799913
1960444
9933692
8316966
1614222
1344133
7141171
3563649
6896282
850821
4339774
9800529
7050741
9852523
8965737
9735329
9092534
1431633
8885825
6032158
9037251
7252125
5528383
4843224
6989224
3386435
4159677
4281513
52808
6805315
4010849
3335315
8886269
4808392
117070
2011284
8981186
2760779
4406854
2428878
9489469
4832431
3032996
3692575
5429040
2081963
3427828
610782
2155592
7133431
3934020
3530357
2187182
5453128
416694
5789812
7490645
286663
2111230
5257070
9756871
6842530
5883887
9408934
7846813
3114697
565618
4868304
3153836
776209
2105337
5569752
4501243
4300265
4372261
8757295
6856383
4499632
1223299
7471233
833414
2167704
6390977
6063455
8607575
4455801
1055367
8999238
8058823
1617782
5119681
6778336
2758895
5149131
1950976
1191083
2783330
6387338
2135290
8085261
8260513
3682457
640398
4349598
5168827
1962538
4390868
836405
5760512
7404440
8309198
9000610
4380443
9927307
1388276
816805
8985147
9007631
6103881
4918359
8922737
8015457
15584
8091219
9854722
84457
1321246
6319847
3739685
8195488
5857934
7968985
7461030
8160638
3082389
3925918
326130
1092863
4905202
4569777
8597381
5674578
6906712
7001905
2276128
6724557
4342651
963599
883163
9822555
9947561
8813378
955857
1201244
5656312
5673423
6290460
4219417
3895833
5681853
639013
4644218
8444852
2142033
6304195
9773730
5389133
6144416
3022223
3489452
7207172
6279456
6384658
8908683
4938878
7092977
3653291
6036676
1390337
9147512
5691672
8688070
4909667
7627634
984647
76090
6370119
3927427
4963512
8945273
5597002
6187278
7446669
3420936
4298875
76207
4876762
6817217
210956
4018773
829802
3142771
5665276
2183803
4569755
9372905
5469139
8333475
4254804
4386466
6106860
4971265
8975149
6633002
9890634
5465227
2078010
1884931
5285395
2463041
6412858
6775405
1833133
3042304
9937323
312945
7694839
9882059
3001503
4075007
5854683
9229524
9017561
2553715
3582094
372968
4336767
2065703
4104386
5758208
4517729
1932675
7407984
252342
4677457
2475121
5820216
3946213
8288268
5153085
21239
6995200
261018
8804282
7653212
9256423
4291848
5258987
7304818
8624502
7855478
8853115
6387827
3037520
1603766
2199599
3494204
3876294
4514744
1194710
2655070
6515345
1485228
6957609
936097
194975
9832666
1143482
2931647
3552281
8792967
4321743
1466727
6684484
5058250
7854365
5693860
5983506
9195346
8804842
8662333
6604144
5172364
8882040
9890055
5881429
31830
7578877
3181142
1611606
8912752
8794829
282496
785921
8725675
2524825
1819140
5169171
4516481
7368789
110781
1372635
5241928
5007329
7738212
2780208
1592908
3097830
3888254
4986564
1330758
9926178
8646608
6022749
6545254
6997454
8960861
1573751
2318563
4100879
3047393
8919285
3469491
9837386
5059610
6680832
334648
9468550
4448553
7713542
6330856
5120114
6390818
3084159
4898193
1105008
3113335
8193955
8033634
234218
6918667
1128098
2036360
6460975
1942037
4074298
8280132
1384179
1028047
1666133
593347
7859070
1681287
7347418
2315464
2441137
6489
4188775
3461967
3654750
9018007
4807163
1929864
3386549
6374091
3309856
2847584
7013224
9264870
6870766
2634139
5989097
1074367
460744
7478777
9052492
773795
8304913
1798385
3786977
3068859
5578670
4033339
6876331
5982275
9762272
286358
4916012
125902
6100906
3251557
685598
7896582
6644877
7333784
1530175
8596486
9918212
8541531
4730889
229943
8771492
7032454
3418696
6971261
878007
333665
1907628
6575692
5977722
9018765
3945395
4015581
8321782
2447810
2979399
8133479
3363064
4972827
62583
5299810
8663142
4959948
1138998
3533959
5869730
1785255
3802341
5367037
9636789
3884503
6208448
5660675
4576319
5979786
1994267
2184211
74012
3721490
1498650
4135994
9655524
1053349
7902690
8902635
2259199
7765719
6195250
8241361
3496831
107720
203415
384039
7596450
6327759
1414612
3545324
1633128
626420
1755320
5282322
938448
9094419
1049854
521123
9244622
9629007
5795668
7502065
3486415
3111814
5283384
5119866
5021110
1159895
2202095
3819105
6564286
6271081
1139228
2513854
3874846
5266309
5344840
1161081
6711993
6987534
5248795
6907418
602149
5544097
1885356
2711226
9726294
311504
5295535
9946998
3851917
8230690
3324748
3956056
9012344
3469953
1231075
8971204
3094246
6698553
4463320
9329065
7193058
3262344
7315767
4230351
7564249
6537412
1700290
7997966
2750059
1279576
6750940
7713632
2332821
2080367
6553383
7877812
7656757
220094
3105600
5019989
2431231
2177965
373919
1696467
6396439
2963005
2839561
9180792
8491356
1462160
7229820
