6418746
857998
969175
2931706
1291894
7557000
2753572
6981392
7178941
7442398
4479455
3419371
9648257
7972008
9879058
7265429
9613955
9950830
4677597
9399980
3435873
588034
3134310
2222155
6411576
6076784
6968697
5438884
4600925
4857669
9333638
9546810
9612754
155341
8040941
6974547
2759628
9940825
4495797
468575
778967
687369
8596293
4700966
8113603
3692771
5980231
4902702
7125570
7843605
2705049
673342
904715
9656020
7849806
3058822
4737383
5767733
5942041
5366972
8903005
2913551
8539613
4356230
2309498
9232923
854463
2256246
9715621
2909654
4073505
1686569
5931454
6329538
6296588
6874306
3647402
6399489
5885595
5021387
664308
417677
6797140
3227723
9814131
5339752
8636643
5886333
8743739
3499950
2857825
8166474
7302528
3619986
4237646
5412486
3583107
1892090
8276669
3389596
3185833
5304916
7790169
2091975
9775257
5822615
2116113
5100938
8925353
3844842
2455087
4034738
4311375
8235100
2802156
2431996
7791967
7876014
8435600
5023867
1649182
5511962
8178905
7568398
1363433
5814203
5185019
4338722
8205040
9366810
8837220
4376179
2120281
9574595
6571750
6007091
506808
1129647
1739285
9242393
6710228
1465967
74390
9555818
862346
5887141
2558808
7931070
6784842
4043528
7668654
5924277
444368
846817
4836822
5438127
8342707
7675752
9720115
8487639
7569777
9938210
9005987
7179908
6649568
84638
213480
9032453
1680506
7532356
1145885
9825067
170064
9607189
3241898
1246853
2207574
9883901
7184408
3959551
2936591
4884308
4168778
4830939
6370326
9078915
255280
1976988
3873259
1738366
9468868
7653163
3181077
4125889
9974402
1927435
2622251
5891165
7555848
4634994
74101
6624194
8913211
3851669
3551049
4133731
1099574
8685562
5836717
356127
8922691
2010118
35784
7699849
4615071
3260760
1691718
4097897
3041527
7384983
8375958
9077413
1103796
4733269
6982693
1474641
2218012
2908572
3318858
2739141
3541116
2428256
8483907
6000071
7060274
5281329
9836387
7869658
1610009
1972695
7991451
4340324
348826
8948457
3209548
3287480
8912069
4905403
24917
7438911
8527816
8028964
8694939
3895418
1666283
263925
3570012
8560126
3417957
6853557
7027867
7135416
4397384
453001
911522
4189123
7350452
6093522
6674093
267311
3424254
5812008
6436876
3050979
4485954
2173872
7997976
7092077
2554467
3314834
9754967
5404477
295052
3618090
3808000
8782492
1123934
1679616
8785324
3993172
6477473
174118
9453574
2590001
4463200
7376917
5599249
9820667
9409055
4741839
2596581
8150007
9356950
1976088
568274
3492494
6785333
594331
4656322
595004
2051914
9071304
1227430
9245264
6141460
6607385
6263111
3998377
5193062
3619084
8487842
6586846
7632660
6715429
7591492
9108676
9766644
6250502
3344430
2864329
777851
1018699
5389467
2768938
4024136
6414582
3045119
5361715
9486088
8118323
8054348
3764822
9672714
6962872
6865017
2055574
3742937
6510369
2146763
2030644
5377467
9550650
9712502
1761388
4997423
4885640
7486569
764915
143345
9585038
9092238
5541086
8527810
8560296
9564181
5706512
9827780
6391887
5797486
6634449
2203817
9153311
7023007
6021175
5437494
4814440
9452419
4624066
8362751
1982483
3332530
5649270
4418198
1713573
9615404
5380356
6439971
8631881
5283460
6880877
8412939
2249930
3078242
7398863
3249057
6157682
3744737
3667454
4531469
8434923
3637946
1198276
2807639
2576507
9288758
7141049
9134730
2953803
6566001
5971868
9772161
6167603
8838231
2718632
7963055
2446546
821024
6175554
9499155
2335316
3810880
7494527
1821799
3711744
9938975
3228904
3530835
3988576
7938658
4126142
2314240
1278169
1880705
6310243
9251619
3038417
4243966
6074351
5140038
2046491
3131000
147387
5732984
6958011
6471510
6068560
9668131
3316955
1393369
5614268
7085308
5272245
7368893
8259138
7941141
6266920
1394607
5925513
2170687
6531647
1157681
8622433
2244539
5069980
4674329
1215124
613442
3828858
4275980
4445377
3611246
6800003
9045709
8221875
7233596
1638253
7942041
2836485
6400138
6570840
4469145
8086244
2583816
1937768
1010604
9403235
3973746
975189
946924
9378974
8287296
7572459
7097440
3073722
6745860
5831079
2810064
543661
1386217
5325906
5691654
3169711
2246930
1866195
9153544
8618171
7765999
4062961
5524698
7857370
748650
7246010
839827
702063
9861015
3507413
1998382
3487143
7209199
7647293
2560208
7338575
9728142
14389
6289014
8196083
8335649
8731686
9775411
3946972
9478912
3407767
5289993
610717
198249
5236348
1377290
1822805
5085245
2908224
790973
5018452
3435425
8391215
2155848
4863267
7376893
1737216
9612981
966784
5937312
7728732
3698964
3721380
33868
811846
7532148
9501313
211196
3231881
7139781
1507500
4344153
9452428
9349895
330918
4917563
549215
4559418
6935956
5355738
7616360
7624322
4948308
8838737
8164451
2368204
6619259
647443
6588179
1581277
7940127
7280224
6147636
3079190
4184944
8228754
3058996
1944087
2598330
4559102
6495827
6493332
5240508
6640085
3434969
2971039
2982399
1468238
6820436
9346904
4245504
387034
5876168
8966113
1414450
1306763
7842502
199325
1970333
2691325
2877844
9130317
7880629
9182913
5213972
8968505
9859582
9135379
6299566
9039605
9508266
45811
3890547
1223668
9394902
8605187
2945644
2053139
6948352
7528759
7834098
120799
7254888
1492218
5115268
4291487
1423296
4012012
5842085
5232016
9240927
8618522
944257
9913446
9623588
2605618
5061507
2161695
8972037
8162224
1933831
3084684
3723189
6631324
734204
6040846
2117525
7633223
8448464
9626508
7467064
2964428
307124
1032158
9470600
6233877
6313668
4406139
5408247
9326939
9615484
5600039
4450746
2175741
661403
2885081
7813927
2455993
5981004
8636114
2539755
466070
8477821
3307490
4587884
4070476
5588457
2594787
9251492
9612552
206949
2372507
2517608
4590899
2976069
244900
5423981
3524999
2436580
7997212
5721290
7509913
4422720
6242564
3242176
5466786
6664103
7044722
8325720
6742826
8632149
205302
5056326
9773226
882522
9000009
762672
128843
193532
4092237
4142615
5322124
5256891
8541057
7239782
8052968
4452357
2250538
9980288
980629
5264157
1091761
5346014
1639943
8107736
3778895
4450617
6355735
6846923
735913
6733836
1512500
139997
4776214
2267060
6827113
6451484
1223746
245880
9795853
5073872
7395266
5914740
8969930
8426757
4395241
2409344
491185
296108
358331
105006
4271051
2269994
5635182
704489
5717208
9847498
4276511
8485100
8186571
8161439
9112629
9262525
8661300
6386281
3224305
1279679
5176583
5521099
1279297
9117755
870383
1888050
4867224
3190439
8706795
8026540
5210270
1630697
5228943
6238767
666212
8559779
9054866
734630
5403536
8527874
6626222
7825141
4579537
5703915
901660
8016741
3249061
7756870
1090635
6307668
6756906
1287808
6706898
4747262
4931163
395837
9816353
297079
9335930
3152514
3016908
3563351
1572520
7000395
5589553
1361444
5459046
4084355
5592878
8944308
6382679
9188344
6722676
1919243
7032377
8905373
9433922
4117811
9571787
4263859
368854
8931914
4763865
2002208
9459863
3524916
3703165
9289831
6965369
9514257
833234
6360462
67462
5974378
1041861
3894211
5631062
5437831
2198666
3065144
5515963
9955843
5157274
9685977
7360844
3714348
7509423
5704161
4450079
8311882
8216204
7009913
7596682
862667
6183138
1525437
890816
6701605
2321260
652438
8391893
5668679
3973061
420499
2464529
928318
7082462
658565
1282589
8342473
2952775
227156
1252146
1580303
8211004
5558509
1492687
3245063
8008916
5087692
8382920
3523271
6172892
4163489
8556168
829342
5128660
5800208
6945971
9797129
5427791
8163126
1507900
4905920
6356895
7760932
4850662
5603899
208975
9746731
7392806
7971043
2925650
346355
1063993
7817949
5336888
1828380
377141
6686761
6758692
5590671
4290561
1275467
4137147
640322
5309864
7511331
6953695
6311254
9645396
7174234
6377242
3279584
3678082
1535072
3193661
8387266
2200987
446126
7372283
6006559
4880841
8006063
8753579
859359
2366234
841517
1904373
1098301
8715758
2738264
2199005
7471599
4128754
5003990
838469
3183780
1948663
2872733
5419302
2206865
4600408
9665465
9401067
8359136
9487359
6429715
755968
1375191
207233
451878
9433524
7918358
3012867
5790583
4541722
2036288
645988
2800534
4632033
4753447
9083576
9083031
8964802
3591495
4702300
778138
7195553
3474920
2315445
3417663
